epoch = 55743.000
RA = 22:22:00.0000000
Dec = -01:37:00.0000000
mu_a = 0.0
mu_d = 0.0
pi = 3.73
55743 22:22:00 0.0000000001 -01:37:00 0.0000000001

56108 22:22:00 0.0000000001 -01:37:00 0.0000000001

